version https://git-lfs.github.com/spec/v1
oid sha256:7bbea779409a48cb3906b0a6951fc4f6f581014a54dbfb6bb62a9c4b19ed913c
size 6621490
